247713
247715
247716
247723
216706
216778
216981
217082
217085
217086
217157
217167
217168
217201
217441
217502
217620
217651
217709
217730
217813
217961
218013
218054
218057
218381
218646
218717
218747
218863
219087
219167
219272
219409
219448
219453
219728
219787
219912
220038
220064
220087
220128
220191
220287
244538
244558
244560
244567
244589
244600
244700
244765
244828
244835
244858
244881
244932
244952
245056
245062
245129
245130
245150
245248
245379
245393
245423
213646
213663
213672
213687
213696
213711
213712
213732
213854
213922
213923
213954
214076
214129
214408
214462
214463
214491
214497
214562
214601
214727
214765
215010
215028
215062
215064
215088
215117
215130
215157
215170
215355
215373
215391
215494
215495
215527
215584
215651
215685
215756
215969
216106
216111
216187
216214
216226
216237
216245
216251
216269
216273
216302
216387
216394
216408
216428
216444
216493
216501
216520
216540
216639
243020
243052
243073
243130
243168
243202
243238
243254
243278
243292
243342
243410
243502
243515
243521
243572
243610
243641
243680
243737
243739
243836
243855
243856
243890
243896
243924
243981
244017
244023
244048
244118
244120
244129
244158
244162
244289
244348
244372
244381
244453
244464
244488
244494
212973
213003
213009
213044
213106
213133
213136
213148
213160
213204
213337
213344
213368
213376
213444
213445
213446
213490
213535
213581
241016
241073
241102
241129
241176
241307
241346
241386
241406
241412
241434
241462
241477
241562
241570
241592
241627
241658
241728
241731
241743
241754
241765
241790
241823
241878
241905
241924
241946
241980
241983
241990
241999
242023
242052
242069
242225
242246
242249
242319
242324
242399
242405
242427
242454
242464
242611
242651
242684
242706
242707
242720
242722
242730
242746
242786
242823
242865
242905
242913
242968
242990
243008
243018
238780
238802
238813
238892
238997
239013
239051
239127
239145
239189
239248
239305
239352
239444
239477
239480
239492
239523
239592
239593
239617
239629
239721
239730
239752
239798
239805
239822
239835
239875
239879
239947
239948
239957
239995
240034
240050
240086
240115
240164
240168
240212
240226
240227
240263
240340
240345
240471
240518
240530
240534
240561
240609
240736
240747
240756
240769
240794
240804
240846
240882
240890
240946
240997
236260
236264
236287
236303
236328
236370
236381
236400
236445
236588
236733
236752
236762
236794
236899
236943
237020
237022
237125
237131
237209
237210
237226
237309
237371
237410
237420
237435
237497
237498
237507
237510
237657
237695
237758
237769
237802
237825
237826
237839
237848
237872
237959
237964
237973
237991
238037
238079
238114
238225
238264
238273
238278
238330
238458
238469
238511
238536
238568
238598
238599
238627
238682
238704
232682
233030
233054
233079
233121
233250
233272
233290
233368
233440
233606
233720
233742
233745
233791
233870
233920
233954
234033
234040
234079
234123
234163
234172
234295
234320
234376
234418
234521
234571
234578
234627
234635
234692
234701
234816
234819
234857
234916
234924
234929
234972
234980
235037
235071
235123
235124
235125
235237
235279
235457
235507
235534
235536
235548
235607
235673
235714
235795
235814
235868
235947
235975
236006
229733
229773
229779
229783
229831
229839
229931
229981
229985
230027
230032
230121
230157
230312
230385
230406
230426
230460
230600
230606
230676
230694
230698
230759
230829
230830
230834
230895
230933
230942
230950
230963
230967
231012
231019
231033
231041
231069
231095
231103
231109
231113
231231
231355
231421
231489
231617
231650
231852
231885
231973
231979
232101
232192
232228
232278
232286
232314
232334
232343
232469
232517
232546
232593
277684
277686
277690
277693
277694
277700
277701
277703
277706
277710
277711
277713
277714
277715
277721
277746
277748
277756
277760
277761
277763
277764
277767
277770
277775
277777
277784
277788
277789
277792
277798
277801
277810
277814
277819
277820
277822
277825
277827
277828
277829
277834
277845
277847
277853
277854
277861
277862
277868
277876
277880
277882
277883
277888
277890
277892
277893
277894
277899
277906
277908
277917
229620
229699
277372
277375
277410
277415
277416
277418
277425
277433
277435
277437
277453
277458
277462
277468
277472
277476
277477
277480
277495
277496
277504
277505
277507
277512
277513
277518
277521
277523
277529
277530
277557
277562
277563
277582
277592
277595
277600
277603
277607
277609
277611
277615
277620
277623
277624
277625
277629
277631
277635
277637
277640
277648
277651
277652
277655
277656
277660
277666
277669
277674
277675
277678
277679
277681
277015
277021
277024
277029
277032
277033
277035
277036
277037
277038
277045
277061
277064
277074
277077
277120
277177
277182
277184
277195
277196
277198
277199
277208
277209
277212
277213
277215
277218
277223
277224
277227
277232
277239
277240
277243
277248
277254
277257
277260
277267
277277
277282
277290
277291
277292
277306
277311
277312
277313
277323
277329
277335
277344
277345
277347
277348
277350
277351
277355
277363
277369
277370
277371
276802
276803
276805
276813
276814
276816
276817
276818
276830
276831
276838
276853
276855
276856
276857
276861
276868
276869
276871
276876
276878
276879
276882
276885
276886
276896
276897
276898
276903
276906
276907
276911
276912
276913
276914
276915
276918
276921
276922
276924
276926
276928
276929
276930
276935
276936
276940
276950
276952
276954
276957
276972
276981
276986
276987
276990
276992
276995
276997
276998
276999
277000
277011
277012
276542
276543
276549
276550
276553
276564
276565
276570
276578
276582
276584
276585
276593
276595
276597
276598
276601
276605
276606
276608
276636
276638
276640
276645
276647
276648
276653
276661
276663
276671
276676
276678
276687
276688
276690
276691
276696
276697
276701
276714
276715
276719
276721
276729
276731
276732
276733
276739
276747
276750
276751
276754
276755
276758
276759
276768
276773
276778
276782
276785
276786
276789
276800
276801
276156
276174
276181
276184
276186
276193
276194
276195
276234
276241
276242
276246
276247
276260
276262
276269
276279
276280
276281
276286
276290
276291
276293
276296
276306
276307
276308
276313
276317
276326
276330
276340
276341
276357
276360
276368
276373
276374
276386
276405
276407
276411
276414
276415
276420
276425
276428
276430
276432
276433
276439
276440
276453
276456
276458
276478
276497
276508
276510
276515
276518
276520
276535
276539
275747
275748
275749
275751
275752
275753
275764
275790
275791
275793
275798
275799
275804
275858
275860
275869
275881
275903
275905
275943
275954
275960
275973
275977
275982
275991
276000
276002
276003
276009
276013
276015
276016
276018
276021
276026
276029
276030
276031
276032
276036
276037
276050
276051
276062
276065
276069
276071
276075
276077
276078
276079
276086
276089
276097
276099
276100
276101
276103
276113
276116
276134
276137
276144
275477
275478
275479
275482
275486
275489
275491
275499
275503
275505
275506
275509
275510
275511
275546
275547
275551
275553
275554
275556
275560
275565
275567
275591
275601
275603
275607
275608
275609
275611
275612
275613
275625
275633
275637
275657
275659
275660
275661
275671
275672
275674
275686
275692
275695
275696
275698
275700
275708
275711
275712
275713
275715
275717
275719
275720
275722
275726
275729
275732
275734
275735
275740
275746
275164
275165
275170
275175
275185
275186
275187
275188
275191
275198
275201
275210
275229
275231
275234
275236
275242
275254
275260
275263
275265
275266
275269
275299
275310
275311
275316
275321
275327
275330
275332
275339
275340
275346
275349
275352
275354
275357
275358
275359
275361
275362
275412
275422
275423
275424
275426
275427
275430
275432
275440
275441
275442
275444
275447
275448
275462
275464
275466
275467
275469
275471
275475
275476
270914
270916
270918
270925
270927
270938
270945
270946
270948
270949
270951
270952
270954
270957
270960
270961
270962
270969
270971
270981
270982
270985
270986
270988
270990
270992
271015
271023
271041
271065
271067
271070
271074
271078
271085
274965
274968
274975
274977
274992
274993
275012
275014
275025
275034
275036
275055
275056
275057
275060
275083
275084
275085
275086
275089
275091
275094
275095
275096
275106
275113
275126
275127
275136
270570
270577
270584
270586
270590
270601
270602
270616
270618
270620
270621
270623
270634
270635
270640
270644
270648
270651
270654
270659
270663
270671
270675
270678
270685
270697
270701
270703
270711
270713
270714
270721
270723
270724
270725
270730
270744
270747
270749
270752
270758
270785
270786
270811
270813
270815
270816
270817
270823
270824
270826
270832
270840
270848
270850
270868
270869
270873
270875
270889
270891
270906
270908
270912
270274
270275
270276
270277
270278
270280
270307
270322
270324
270332
270339
270340
270342
270343
270344
270353
270356
270361
270364
270369
270383
270388
270395
270402
270411
270412
270413
270416
270462
270469
270470
270471
270472
270475
270477
270481
270482
270488
270489
270490
270495
270500
270505
270511
270516
270523
270524
270527
270530
270537
270539
270541
270545
270549
270550
270556
270560
270561
270562
270565
270566
270567
270568
270569
269980
269981
269982
269983
269985
269986
269987
269988
269991
269995
269999
270004
270005
270006
270015
270018
270019
270020
270021
270022
270025
270026
270027
270028
270029
270030
270040
270041
270042
270043
270044
270045
270048
270051
270052
270053
270055
270056
270059
270076
270085
270089
270090
270093
270094
270099
270104
270112
270114
270115
270117
270124
270127
270128
270132
270138
270139
270140
270204
270210
270211
270213
270218
270273
269606
269607
269608
269615
269625
269631
269646
269647
269689
269698
269699
269702
269709
269710
269716
269727
269731
269741
269742
269746
269749
269750
269753
269773
269794
269798
269799
269800
269803
269821
269828
269832
269833
269837
269839
269850
269853
269855
269856
269857
269858
269863
269864
269870
269871
269873
269876
269881
269882
269884
269886
269891
269892
269900
269908
269919
269929
269960
269961
269965
269967
269969
269970
269979
269283
269284
269290
269296
269297
269299
269303
269326
269337
269344
269352
269384
269388
269394
269395
269399
269405
269419
269426
269437
269438
269454
269464
269466
269470
269479
269482
269491
269492
269494
269496
269504
269508
269517
269519
269521
269522
269523
269524
269528
269531
269533
269537
269540
269542
269543
269545
269548
269553
269555
269556
269557
269567
269568
269575
269577
269578
269589
269593
269594
269596
269597
269598
269605
268997
269006
269007
269009
269010
269011
269012
269014
269016
269018
269020
269021
269022
269023
269024
269025
269026
269028
269031
269034
269036
269037
269038
269039
269040
269041
269042
269043
269044
269045
269046
269048
269049
269053
269058
269062
269066
269071
269085
269086
269097
269099
269101
269106
269109
269111
269114
269115
269121
269126
269129
269139
269158
269170
269177
269185
269189
269221
269267
269268
269270
269275
269281
269282
279666
279668
279670
279672
279673
279676
279681
279684
279691
279692
279703
279725
279732
279746
279759
279762
279775
279790
279794
279796
279798
279800
279801
279814
279817
279818
279833
279835
279846
279849
279869
279878
279887
279894
279899
279900
279903
279909
279924
279935
8473
275049
268846
268859
268872
268873
268890
268898
268911
268918
268919
268931
268933
268963
268964
268966
268967
268968
268969
268970
268971
268972
268980
268987
268447
268448
268493
268498
268503
268507
268509
268519
268542
268543
268577
268582
268603
268609
268617
268636
268637
268655
268681
268686
268723
268734
268741
268750
268793
268819
268827
268829
268834
279488
279489
279492
279499
279507
279510
279511
279512
279513
279515
279517
279556
279558
279559
279560
279566
279567
279569
279570
279571
279576
279581
279589
279594
279600
279602
279603
279617
279618
279630
279637
279662
279663
279664
279665
267442
267455
267527
267528
267576
267608
267612
267613
267631
267679
267691
267692
267695
267697
267726
267727
267731
267732
267735
267741
267753
267754
267755
267799
267820
267821
267832
267833
267839
267845
267875
267880
267912
267932
267945
267960
267975
267977
267981
267986
268001
268002
268065
268078
268085
268086
268089
268091
268092
268105
268112
268118
268120
268278
268282
268285
268295
268297
268307
268314
268325
268344
268350
268408
266408
266411
266429
266435
266441
266452
266454
266480
266482
266488
266507
266508
266554
266564
266573
266604
266611
266613
266619
266621
266627
266639
266642
266654
266663
266664
266679
266683
266687
266724
266730
266735
266741
266743
266744
266745
266746
266747
266749
266753
266758
266759
266760
266762
266771
266780
266781
266799
266806
266807
266851
266854
266865
266881
266898
266899
267405
267408
267423
267432
267435
267436
267439
267440
279483
265534
265629
265634
265639
265640
265651
265672
265730
265769
265773
265775
265776
265798
265803
265806
265809
265821
265989
265995
266014
266025
266027
266045
266048
266053
266054
266055
266056
266090
266105
266106
266107
266111
266117
266126
266137
266152
266154
266156
266167
266168
266169
266185
266194
266195
266202
266227
266246
266290
266292
266293
266298
266302
266305
266314
266315
266339
266360
266364
266379
266383
266397
266407
278921
278927
278938
278940
278943
278946
278953
278954
278956
278961
278963
278971
278977
278979
278989
278990
278991
278995
279019
279022
279030
279036
279040
279043
279047
279049
279051
279072
279081
279082
279088
279090
279096
279098
279099
279102
279118
279121
279125
279131
279132
279142
279143
279166
279176
279192
279204
279212
279218
279222
279223
279229
279230
279232
279235
279237
279238
279240
279241
279242
279473
279474
279479
279480
278279
278291
278302
278306
278316
278323
278350
278378
278399
278400
278439
278441
278443
278452
278555
278559
278565
278574
278593
278606
278618
278626
278645
278654
278658
278669
278709
278730
278735
278738
278742
278758
278765
278768
278772
278794
278796
278798
278799
278800
278809
278812
278814
278818
278821
278822
278824
278827
278829
278835
278836
278839
278843
278851
278864
278868
278869
278870
278886
278891
278892
278912
278915
278920
278047
278048
278050
278051
278053
278056
278058
278060
278062
278063
278064
278066
278068
278079
278080
278081
278082
278083
278084
278090
278091
278092
278093
278095
278103
278106
278108
278109
278116
278118
278127
278130
278138
278141
278146
278152
278157
278160
278161
278162
278166
278167
278169
278170
278180
278183
278184
278189
278191
278198
278199
278210
278214
278215
278226
278238
278241
278251
278253
278254
278269
278272
278274
278277
264590
264636
264637
264642
264656
264675
264688
264692
264737
264761
264783
264784
264803
264804
264849
264852
264853
264861
264870
264881
265178
265181
265388
265391
265397
265487
265517
265528
265533
277918
277931
277939
277940
277947
277957
277958
277964
277970
277971
277972
277980
277984
277988
277989
277990
277996
277999
278002
278003
278004
278005
278008
278009
278015
278018
278022
278023
278027
278028
278029
278036
278038
278042
278044
263934
263939
263940
263956
263962
263972
263974
264015
264016
264018
264019
264020
264034
264052
264059
264074
264081
264094
264098
264118
264125
264128
264146
264169
264181
264185
264190
264216
264235
264237
264239
264242
264258
264274
264307
264308
264310
264320
264322
264343
264344
264346
264351
264379
264383
264384
264386
264387
264389
264406
264410
264429
264439
264459
264461
264464
264468
264513
264526
264535
264568
264575
264576
264586
263389
263398
263400
263420
263425
263426
263435
263440
263449
263459
263466
263478
263482
263493
263507
263508
263524
263531
263543
263544
263545
263547
263550
263559
263560
263562
263567
263576
263584
263585
263593
263596
263600
263605
263606
263615
263624
263626
263627
263635
263651
263659
263669
263671
263681
263682
263706
263725
263727
263741
263742
263744
263774
263793
263833
263834
263838
263876
263879
263888
263889
263900
263916
263931
262818
262820
262837
262851
262882
262884
262899
262909
262914
262920
262975
262976
262980
262989
262991
262993
262996
262999
263005
263014
263042
263043
263044
263045
263049
263050
263064
263069
263070
263080
263081
263082
263084
263097
263103
263124
263144
263146
263154
263155
263172
263173
263188
263209
263220
263234
263243
263252
263258
263259
263260
263261
263282
263289
263322
263325
263331
263332
263333
263334
263356
263357
263367
263380
262021
262030
262037
262041
262077
262097
262104
262108
262154
262156
262178
262180
262233
262238
262243
262249
262252
262266
262268
262276
262291
262292
262293
262305
262309
262313
262315
262319
262320
262340
262347
262348
262364
262373
262387
262405
262406
262426
262428
262502
262521
262544
262555
262561
262565
262566
262571
262577
262578
262595
262601
262609
262615
262619
262620
262623
262633
262638
262661
262678
262710
262739
262760
262793
261159
261169
261170
261175
261201
261209
261210
261212
261215
261239
261296
261301
261302
261318
261362
261370
261384
261413
261415
261416
261418
261431
261445
261452
261496
261499
261513
261520
261532
261533
261580
261583
261596
261606
261615
261620
261638
261645
261671
261672
261693
261729
261731
261742
261748
261753
261755
261759
261761
261770
261775
261895
261902
261914
261933
261935
261958
261962
261963
261964
261968
261973
261994
261999
260018
260030
260079
260080
260084
260097
260121
260122
260123
260125
260126
260127
260141
260154
260262
260319
260385
260391
260392
260393
260413
260415
260424
260426
260438
260465
260470
260491
260528
260548
260553
260580
260606
260667
260681
260685
260691
260710
260711
260727
260741
260782
260783
260791
260828
260839
260865
260871
260922
260945
260968
260974
260979
260998
261030
261061
261080
261083
261103
261107
261118
261124
261146
261151
258835
258865
258905
258919
258956
258962
258964
258965
258975
258978
259012
259014
259064
259067
259080
259122
259144
259145
259168
259174
259179
259193
259251
259259
259279
259281
259283
259286
259314
259318
259324
259337
259348
259353
259361
259363
259379
259383
259403
259406
259409
259428
259444
259471
259481
259527
259529
259534
259539
259580
259615
259620
259631
259632
259671
259674
259712
259721
259854
259855
259929
259968
260003
260005
257412
257492
257494
257627
257636
257645
257679
257687
257689
257690
257691
257714
257815
257827
257868
257930
257932
257944
257985
257997
257998
258000
258001
258026
258091
258133
258183
258192
258227
258228
258232
258240
258241
258264
258291
258313
258320
258333
258348
258352
258363
258386
258391
258404
258441
258442
258450
258512
258525
258527
258530
258545
258548
258569
258590
258597
258605
258617
258632
258659
258668
258703
258745
258815
256065
256100
256141
256182
256204
256219
256257
256280
256296
256297
256309
256312
256320
256323
256330
256353
256377
256463
256506
256665
256693
256694
256700
256701
256743
256753
256760
256792
256801
256807
256811
256882
256884
256894
256924
256962
256963
256995
257017
257021
257042
257068
257070
257110
257142
257154
257177
257181
257187
257195
257196
257217
257242
257245
257246
257248
257249
257309
257318
257335
257337
257342
257367
257411
253878
254001
254036
254039
254130
254136
254284
254303
254324
254344
254493
254565
254576
254632
254636
254643
254659
254691
254820
254884
254964
254995
255072
255080
255088
255123
255130
255134
255141
255248
255286
255304
255333
255367
255374
255380
255400
255419
255445
255454
255481
255498
255505
255552
255633
255696
255698
255705
255736
255755
255756
255778
255829
255841
255872
255887
255908
255914
255916
255918
255977
255998
256006
256029
251501
251506
251546
251548
251549
251631
251669
251672
251753
251775
251811
251886
251904
251914
251978
251980
252086
252160
252188
252194
252213
252219
252247
252248
252260
252358
252369
252424
252436
252438
252459
252461
252463
252471
252535
252550
252561
252572
252635
252649
252738
252740
252812
252906
252933
252949
252955
253030
253037
253038
253075
253110
253145
253168
253237
253251
253256
253371
253496
253551
253556
253560
253735
253737
246603
246732
246739
246771
246979
247017
247057
247076
247112
247196
247213
247221
247239
247391
247426
247498
247508
247520
247580
247636
247661
247673
247674
247684
247712
247718
247719
247775
247806
247854
248185
248337
248485
248494
248826
248833
248841
250801
250829
250866
250875
250902
250914
250925
250935
250948
250958
251000
251018
251032
251075
251088
251093
251192
251196
251197
251218
251232
251243
251309
251367
251450
251477
251494
227498
227530
227810
227817
227847
227920
228061
228103
228129
228205
228299
228388
228611
228621
228644
228675
228711
228738
228762
228794
228795
228802
228810
228845
228869
228892
228971
229034
229050
229055
229092
229104
229179
229185
229193
229212
229221
229328
229368
229409
229429
229469
229488
229494
229530
229588
229595
245277
245351
245436
245550
245689
245708
245732
245733
245758
245868
245907
246058
246098
246123
246230
246246
246547
223818
223894
223984
224010
224065
224088
224126
224150
224198
224254
224287
224315
224418
224509
224525
224619
224620
224650
224734
224777
224820
224853
224864
225084
225145
225356
225368
225455
225502
225507
225530
225614
225641
225654
225716
225768
225781
225798
225924
225964
225981
226068
226075
226086
226139
226210
226423
226496
226523
226563
226580
226617
226697
226714
226721
226728
226775
226800
226815
226830
226928
227148
227227
227394
220355
220386
220395
220397
220529
220531
220702
220772
220997
221016
221050
221095
221206
221270
221423
221433
221443
221452
221525
221553
221599
221625
221648
221695
221737
221790
221793
221906
221938
222014
222116
222191
222203
222300
222380
222466
222590
222611
222643
222645
222822
222870
222944
222969
223016
223044
223046
223053
223128
223151
223248
223255
223263
223305
223404
223467
223506
223537
223594
223650
223668
223769
223793
223794